Some((
    red: 0.21663016,
    green: 0.5339819,
    blue: 0.5521163,
))