Some((
    red: 0.19983897,
    green: 0.59318966,
    blue: 0.5998566,
))