Some((
    red: 0.3765823,
    green: 0.4394458,
    blue: 0.443038,
))