Some((
    red: 0.7848101,
    green: 0.7848101,
    blue: 0.7848101,
))