Some((
    red: 0.4800768,
    green: 0.7896001,
    blue: 0.80748904,
    alpha: 1.0,
))